<?xml version="1.0" encoding="UTF-8" standalone="no"?>
<!-- Generated by IcoMoon.io -->

<svg
   version="1.1"
   width="24.31559"
   height="24.297268"
   viewBox="0 0 24.31559 24.297268"
   id="svg6"
   xmlns="http://www.w3.org/2000/svg"
   xmlns:svg="http://www.w3.org/2000/svg"
   xmlns:rdf="http://www.w3.org/1999/02/22-rdf-syntax-ns#"
   xmlns:cc="http://creativecommons.org/ns#"
   xmlns:dc="http://purl.org/dc/elements/1.1/">
  <defs
     id="defs10" />
  <title
     id="title2">simic</title>
  <path
     d="M 18.780567,12.127525 C 18.793891,10.843306 18.387301,9.547977 17.587441,8.541485 17.200842,8.1171147 16.88312,7.6327545 16.474303,7.2306024 15.572237,6.3352034 14.221363,6.2752137 13.134885,5.7130903 13.070451,5.1465221 12.863822,4.5799539 12.990465,4.0089422 13.028236,3.8178645 13.086004,3.6267868 12.983803,3.4445972 12.699409,2.7891559 12.94381,2.0759464 12.892709,1.3916219 12.854937,1.0339062 12.879369,0.59620427 12.537214,0.37624329 12.457228,1.1205576 12.183942,1.8137705 11.961759,2.5180918 11.859555,3.0691068 11.859555,3.64234 11.621819,4.1600283 11.772903,4.6866018 11.475177,5.1287471 11.153012,5.5175692 10.439802,5.8819498 9.5932834,5.9686012 8.9711702,6.504063 8.5290249,6.8795534 8.0513297,7.2083841 7.5558612,7.5149981 7.1848157,7.9793617 6.7737752,8.4281721 6.6071374,9.0147369 5.9428094,9.8168178 5.8650447,10.892186 5.4895558,11.8298 c -0.00667,1.39309 0.2755075,2.89283 1.1642414,4.010413 0.6376664,0.526573 1.0820334,1.233118 1.7174781,1.757471 0.6110032,0.364381 1.2620012,0.664328 1.8930017,0.990937 0.411039,0.09554 0.83541,0.142198 1.244229,0.255511 0.331052,1.708591 0.557679,3.457174 1.224229,5.076893 0.219963,-0.664328 0.1933,-1.377538 0.384378,-2.050754 0.268842,-0.993161 -0.282172,-2.026312 0.02889,-3.003921 0.466585,-0.415482 1.242004,-0.146639 1.759692,-0.502134 0.984272,-0.606561 2.024091,-1.195348 2.737301,-2.124073 0.264397,-0.533241 0.824301,-0.930948 0.824301,-1.570838 0.0045,-0.85985 0.506578,-1.666375 0.3155,-2.537334 m -7.296504,5.27019 C 10.773078,17.228858 10.110972,16.888918 9.513297,16.471213 8.8711872,16.042399 8.6312296,15.244761 7.9957849,14.804838 7.4025549,14.096072 7.5291996,13.127352 7.2870187,12.287499 7.38478,11.700934 7.5003148,11.121035 7.5603045,10.527806 7.8491436,10.058999 8.297954,9.6835082 8.4201552,9.1169399 8.8445256,8.5081585 9.4910786,8.0882314 10.010989,7.5594347 c 0.377712,-0.4354804 0.979829,-0.2510675 1.475299,-0.2688425 -0.04888,0.4799168 -0.08887,0.9776071 0.0311,1.4508588 0.05777,0.2910592 0.191078,0.5776767 0.14442,0.8820675 -0.09998,0.6487765 0.144419,1.2997745 -0.02889,1.9396625 -0.346606,1.339766 0.03111,2.692863 0.06444,4.043739 -0.04888,0.597673 -0.07776,1.19979 -0.213296,1.790798 m 5.401279,-2.539557 c -0.471028,0.335497 -0.873181,0.746538 -1.284219,1.148689 -0.715431,0.495469 -1.424197,1.017601 -2.275159,1.266445 0.07554,-0.60656 0.151084,-1.233118 -0.04222,-1.826347 -0.475472,-1.34421 0.106649,-2.750633 0.20441,-4.108173 -0.08665,-0.808748 -0.0045,-1.6708201 -0.37549,-2.4151344 -0.04888,-0.55768 0.193298,-1.0998084 0.357715,-1.6241602 0.562124,0.2244044 1.093143,0.5287967 1.559728,0.9176173 0.566567,0.4243703 1.433082,0.6976562 1.559727,1.4886288 0.06444,0.5199095 0.633223,0.8331885 0.615448,1.3642075 -0.03555,1.262001 0.139976,2.583992 -0.319944,3.788227"
     fill="#070400"
     id="path2-4"
     style="stroke-width:0.0222182" />
  <metadata
     id="metadata827">
    <rdf:RDF>
      <cc:Work
         rdf:about="">
        <dc:title>simic</dc:title>
      </cc:Work>
    </rdf:RDF>
  </metadata>
</svg>
